"","participant","total_comp","total_perc"
"1",1,11,91.6666666666667
"2",2,9,75
"3",3,11,91.6666666666667
"4",4,11,91.6666666666667
"5",5,11,91.6666666666667
"6",6,11,91.6666666666667
"7",7,10,83.3333333333333
"8",8,9,75
"9",9,11,91.6666666666667
"10",10,10,83.3333333333333
"11",11,11,91.6666666666667
"12",12,11,91.6666666666667
"13",13,11,91.6666666666667
"14",14,10,83.3333333333333
"15",15,11,91.6666666666667
"16",16,9,75
"17",17,10,83.3333333333333
"18",18,11,91.6666666666667
"19",19,10,83.3333333333333
"20",20,10,83.3333333333333
"21",21,10,83.3333333333333
"22",22,11,91.6666666666667
"23",23,10,83.3333333333333
"24",24,11,91.6666666666667
"25",25,9,75
"26",26,11,91.6666666666667
"27",27,10,83.3333333333333
"28",28,11,91.6666666666667
"29",29,6,50
"30",30,10,83.3333333333333
"31",31,8,66.6666666666667
"32",32,9,75
"33",33,10,83.3333333333333
"34",34,11,91.6666666666667
"35",35,11,91.6666666666667
"36",36,10,83.3333333333333
"37",37,10,83.3333333333333
"38",38,11,91.6666666666667
"39",39,10,83.3333333333333
"40",40,10,83.3333333333333
"41",41,10,83.3333333333333
"42",42,9,75
"43",43,11,91.6666666666667
"44",44,10,83.3333333333333
"45",45,11,91.6666666666667
"46",46,10,83.3333333333333
"47",47,10,83.3333333333333
"48",48,10,83.3333333333333
"49",49,11,91.6666666666667
"50",50,11,91.6666666666667
"51",51,11,91.6666666666667
"52",52,11,91.6666666666667
"53",53,9,75
"54",54,11,91.6666666666667
"55",55,10,83.3333333333333
"56",56,10,83.3333333333333
"57",57,11,91.6666666666667
"58",58,11,91.6666666666667
"59",59,10,83.3333333333333
"60",60,10,83.3333333333333
"61",61,10,83.3333333333333
"62",62,10,83.3333333333333
"63",63,11,91.6666666666667
"64",64,10,83.3333333333333
"65",65,11,91.6666666666667
"66",66,11,91.6666666666667
"67",67,11,91.6666666666667
"68",68,11,91.6666666666667
"69",69,7,58.3333333333333
"70",70,10,83.3333333333333
"71",71,11,91.6666666666667
"72",72,11,91.6666666666667
"73",73,11,91.6666666666667
"74",74,10,83.3333333333333
"75",75,9,75
"76",76,10,83.3333333333333
"77",77,11,91.6666666666667
"78",78,10,83.3333333333333
"79",79,10,83.3333333333333
"80",80,11,91.6666666666667
"81",81,11,91.6666666666667
"82",82,10,83.3333333333333
"83",83,9,75
"84",84,10,83.3333333333333
"85",85,11,91.6666666666667
"86",86,10,83.3333333333333
"87",87,10,83.3333333333333
"88",88,11,91.6666666666667
"89",89,11,91.6666666666667
"90",90,9,75
"91",91,11,91.6666666666667
"92",92,10,83.3333333333333
"93",93,11,91.6666666666667
"94",94,10,83.3333333333333
"95",95,8,66.6666666666667
"96",96,11,91.6666666666667
"97",97,11,91.6666666666667
"98",98,9,75
"99",99,10,83.3333333333333
"100",100,10,83.3333333333333
"101",101,10,83.3333333333333
"102",102,11,91.6666666666667
"103",103,11,91.6666666666667
"104",104,11,91.6666666666667
"105",105,10,83.3333333333333
"106",106,10,83.3333333333333
"107",107,10,83.3333333333333
"108",108,11,91.6666666666667
"109",109,11,91.6666666666667
"110",110,11,91.6666666666667
"111",111,10,83.3333333333333
"112",112,9,75
"113",113,8,66.6666666666667
"114",114,11,91.6666666666667
"115",115,10,83.3333333333333
"116",116,9,75
"117",117,9,75
"118",118,10,83.3333333333333
"119",119,11,91.6666666666667
"120",120,10,83.3333333333333
